Accuracy: 0.5881937911571026 recall: 0.5682989690721649 precision: 0.12222838137472283 F1 = 0.20118613138686134
Accuracy: 0.5881937911571026 recall: 0.5682989690721649 precision: 0.12222838137472283 F1 = 0.20118613138686134	removed neg
Accuracy: 0.5887817497648166 recall: 0.5721716514954487 precision: 0.12195121951219512 F1 = 0.20105094813799407 added yet to intensifier list
Accuracy: 0.5888993414863594 recall: 0.5729166666666666 precision: 0.12195121951219512 f1 = 0.20109689213893964 added neither to intensifier list
